sequence,length,meas,netmhc,netmhcpan,smmpmbec_cpp
AADFPGIAR,9,19998.61869632745,22130.947096056363,26001.595631652723,68706.84400142317
AADSFATSY,9,19998.61869632745,85.70378452303697,121.05981335504829,34.197944251370885
AAPAPAPSW,9,17.988709151287875,152.40527537972923,106.90548792226576,38.28247433168228
AARHKHQVM,9,19998.61869632745,18.620871366628677,699.8419960022738,31.117163371060183
AEGVVAFLI,9,19998.61869632745,28444.61107447914,30269.134281013048,97050.99672454898
AEIESATLF,9,19998.61869632745,3467.368504525317,18197.008586099826,1832.314422371211
AEMVAKYDL,9,19998.61869632745,27989.813196343628,40086.67176273026,105196.18738232234
AENCYNLEI,9,19998.61869632745,26546.055619755363,22130.947096056363,14996.84835502374
AETESATLF,9,19998.61869632745,8433.347577642757,24099.054286865932,2654.605561975539
AFHQLVQVI,9,19998.61869632745,26853.444456585035,20464.44636724674,35974.93351557424
AFMATNKAY,9,19998.61869632745,12941.958414499863,17258.37891990204,11641.260294104908
AFYWHFIFR,9,19998.61869632745,30130.060241861218,44055.486350655345,8749837.752274364
AKATGRYNL,9,19998.61869632745,25468.302525850446,35974.93351557424,162929.60326397247
AKIALAVYK,9,19998.61869632745,33265.95532940047,41304.75019901619,2773320.104651838
ALYLLDGLR,9,446.683592150963,24490.632418447418,29648.31389524339,189670.59212111443
ALYSYASAK,9,19998.61869632745,24888.573182823904,19498.445997580457,59020.108017184415
AMEGGTTKA,9,19998.61869632745,25644.840365177162,33806.483620598156,138038.42646028838
AMFIGHATA,9,19998.61869632745,7568.328950209736,15381.546403030357,8147.042840208396
ANRLTTLQR,9,2037.042077705717,22233.098906514006,41020.410298660725,328095.293113119
APDGFYPFK,9,19998.61869632745,33265.95532940047,38194.427084004645,33265955.32940047
APFARLLNL,9,19998.61869632745,1981.5270258050969,5571.8574893193045,414.95404263436325
APIEHIASM,9,19998.61869632745,7095.777679633895,2824.8799749157074,1729.8163592151016
APSYRNFSF,9,2443.430552693971,5284.452517751808,6776.415076106757,1261.8275345906718
APVESMALF,9,15135.612484362071,104.23174293933047,2060.6299132699983,151.00801541641493
AQIGVIGVF,9,792.501330480471,8974.28794500749,796.1593504173192,2773.320104651841
AQKLATKPV,9,19998.61869632745,22803.420720004207,26181.830082189863,37153.52290971728
AQRWANQIR,9,19998.61869632745,27227.0130807791,38636.69770540689,1078946.7222298274
ARHGEYAPF,9,19998.61869632745,13963.683610559363,14092.887984218747,21727.011788637432
ARIDARIDF,9,3380.6483620598156,18197.008586099826,22335.722228305327,57942.86964268809
ARLSSPIVL,9,19998.61869632745,22438.81923782766,25941.793621188124,22335.722228305327
ARVAASLAK,9,19998.61869632745,29648.31389524339,35563.131856898544,2805433.6379517103
ASSSNYNTY,9,29.9916251898765,21.428906011200585,10.303861204416158,16.032453906900418
ATADLELAY,9,11.994993031493788,8.912509381337454,5.688529308438414,15.631476426409538
ATFEAVLAK,9,1016.2486928706949,1725.837891990204,724.4359600749899,1698.2436524617442
ATFEVFLAK,9,509.3308710571952,7430.191378967022,1618.0800376430645,7095.777679633895
ATFRLECPY,9,1.9998618696327441,18.03017740859569,3.732501577957206,7.498942093324558
ATIEAVLAK,9,1355.1894123510351,4591.980128368686,1002.3052380779004,3341.9504002611393
ATNDGLIKK,9,19998.61869632745,16443.717232149324,7888.601176185541,7211.074791828998
ATYTGVFDK,9,19998.61869632745,3499.4516702835695,2831.391995799379,2415.4608344449402
AVDADDSHF,9,19998.61869632745,2642.408757321945,1064.1430182243153,220.2926463053456
AVDWYQQRI,9,19998.61869632745,2454.708915685031,2818.382931264455,484.1723675840994
AVFLSYIGY,9,314.77483141013175,8.184647881347898,68.07693586937417,14.35489433353656
AVGVVCTGL,9,19998.61869632745,4602.565735813563,6295.061828571975,727.7798045368243
AVHGYYIGY,9,33.03695410368149,157.03628043335516,152.75660582380732,62.086903423006376
AVMLVHTYY,9,283.1391995799379,44.157044735331255,224.90546058357805,40.36453929676048
AVPQVLGGL,9,19998.61869632745,17701.08958317422,3863.6697705406896,3191.5378551007584
AVSKNRRQL,9,19998.61869632745,6839.116472814293,6397.348354826482,524.8074602497728
AVYLLDGLR,9,19998.61869632745,20558.905959841406,21281.390459827133,18663.796908346696
AYDHGNVIL,9,19998.61869632745,27733.20104651844,31188.895840939353,104472.02192208004
AYQPTRWFI,9,19998.61869632745,28707.805820246922,25941.793621188124,510504.99997540546
CASSSDWFY,9,19998.61869632745,452.8975799036209,138.3566378971781,105.68175092136585
CLSDEINHV,9,19998.61869632745,28248.799749157104,16943.37800447329,132129.56341865766
CLVSGLSSL,9,19998.61869632745,4466.835921509631,893.3054837332954,1279.381304157524
CPTLKKGFL,9,19998.61869632745,30408.85025676283,31260.793671239557,128824.95516931349
CYMHVSDFY,9,19998.61869632745,26424.087573219447,8375.292821268826,108143.39512979376
CYMHVSDYY,9,19998.61869632745,23823.19469358689,8452.788451602899,43853.06977749852
DDALFIYGY,9,19998.61869632745,25644.840365177162,38282.474331682286,172981.63592150997
DEMVCKWLL,9,19998.61869632745,33342.64127632347,37411.058827205365,3639150.3612720706
DETFVHSGF,9,19998.61869632745,28119.008303989394,35809.643710263554,136144.46824659483
DHLKEKSSL,9,19998.61869632745,32284.941217126314,42461.9563946313,1078946.7222298274
DIRQDVIAM,9,19998.61869632745,25941.793621188124,16865.530253887424,128528.66599436154
DIVGGLFTY,9,19998.61869632745,1465.5478409559128,1086.4256236170656,3069.021988391158
DLAQDPMLI,9,19998.61869632745,29922.64636608189,30760.96814740711,400866.71762730257
DLEKYNLAF,9,19998.61869632745,15346.16982799294,22335.722228305327,24603.676041476272
DRLASTVIY,9,19998.61869632745,28444.61107447914,25176.769277588544,161064.5635178273
DTRGIFSAY,9,19998.61869632745,405.5085354483839,431.519076827765,920.4495717531712
DTTTDISKY,9,19998.61869632745,2157.7444091526645,1737.8008287493763,506.99070827470445
DTVLFNAGL,9,19998.61869632745,197.24227361148533,826.0379495771783,158.8546748597779
DTWHGFKNM,9,19998.61869632745,440.554863506553,2951.209226666387,755.0922276654342
DWMERIEDF,9,19998.61869632745,24774.22057633286,37931.49849736817,185780.4455091699
DWSGYSGSF,9,1235.9474334445108,13677.288255958494,31550.04623374624,38282.474331682286
EAEKQLQQY,9,19998.61869632745,151.35612484362088,6382.634861905489,143.8798578255845
EIEIEKNKK,9,19998.61869632745,33496.54391578279,45919.80128368685,36559479.16131247
EIIPKIKAY,9,19998.61869632745,1188.502227437019,5807.644175213118,3767.0379898390893
EKLKKKSAF,9,19998.61869632745,25585.85886905648,42657.95188015926,159955.8028614668
ELKRQLADL,9,19998.61869632745,21777.09772353159,35481.33892335753,20941.124558508956
ELQENITAH,9,19998.61869632745,29444.216337987575,32658.783217233533,470977.326396952
ESENISEPY,9,19998.61869632745,443.6086439314323,1489.3610777109154,287.0780582024692
ETESATLFT,9,19998.61869632745,8491.804750363135,30130.060241861218,5482.769649208536
ETESVNSNY,9,19998.61869632745,303.3891184194269,1250.25903021772,110.40786199020735
ETIEILRNY,9,87.09635899560806,33.11311214825911,28.70780582024692,100.92528860766845
ETRSFTTHF,9,19998.61869632745,8.770008211436346,43.05266104917108,24.099054286865943
ETTEANAGQ,9,19998.61869632745,5584.701947368307,31550.04623374624,790.6786279998254
EVHYSGINY,9,19998.61869632745,552.0774392807573,1686.5530253887407,120.50359403717974
EVNAHIHTM,9,19998.61869632745,7585.775750291836,924.698173938223,635.3309318517436
EVPAQYLTY,9,19998.61869632745,3069.021988391158,1733.8039977541375,756.8328950209736
EVVGSYIRY,9,19998.61869632745,102.32929922807536,557.1857489319304,159.220872705117
EWAENCYNL,9,19998.61869632745,24603.676041476272,30338.911841942718,154881.66189124828
EYAPFARLL,9,19998.61869632745,27164.392688390835,21281.390459827133,236047.82331805734
EYKKFIATF,9,864.967918775693,21577.444091526646,27797.132677592883,35727.28381519289
EYKKSLYKF,9,19998.61869632745,24210.290467361752,36897.759857015044,107398.94123412462
FAAPHRGVA,9,19998.61869632745,27605.778562203446,27101.916318908417,74816.95005111537
FHRKKTDAL,9,19998.61869632745,26242.18543384439,30478.94989627983,137404.1975012515
FIKDRATAV,9,19998.61869632745,16865.530253887424,25703.957827688646,26915.348039269138
FLAAECPFL,9,19998.61869632745,12445.146117713844,10568.175092136586,9931.160484209335
FLAFFSNGV,9,19998.61869632745,16904.409316432633,19860.949173573717,26121.61354399205
FLFDRLTNG,9,19998.61869632745,19230.917289101577,22080.04733018897,7798.3011052325855
FLGSHSEPL,9,19998.61869632745,14588.142602753474,11297.959146727977,5420.008904016238
FLILPQAKK,9,19998.61869632745,27733.20104651844,30199.51720402019,260615.35499988977
FLQDESAYV,9,19998.61869632745,17660.37820686164,18967.059212111482,16143.585568264869
FLQQRKPPL,9,19998.61869632745,17782.794100389227,16106.4563517827,6367.955209079156
FLRKNQRAL,9,19998.61869632745,10990.05839432522,12473.835142429432,13583.134465871542
FLYDRLAST,9,19998.61869632745,4720.630412635905,13001.695780332899,3681.2897364253167
FMDPGIFPR,9,19998.61869632745,23604.78233180578,19724.227361148533,564936.9748123034
FMSRKLHRY,9,19998.61869632745,763.8357835776907,135.8313446587154,348.33731503601166
FPASHMATY,9,19998.61869632745,4385.306977749856,895.3647655495937,671.4288529259522
FPRDPVSTF,9,19998.61869632745,810.9610578538404,3126.0793671239558,744.7319739059889
FPSNMMVVT,9,19998.61869632745,31405.086938762164,36057.8643021642,143218.78992735455
FQEALKKSL,9,19998.61869632745,24210.290467361752,32885.16308759827,23173.946499684796
FQVNRFTGY,9,19998.61869632745,2666.8586645214805,698.2324040771712,1914.255925021086
FQWHEAMFL,9,19998.61869632745,6382.634861905489,10964.78196143185,7585.775750291836
FQYEHEQTF,9,814.7042840208396,97.27472237769656,274.15741719278833,258.8212915153093
FRLMRTNFL,9,19998.61869632745,27669.416454115126,25941.793621188124,305492.11132155155
FRRFTQAIY,9,19998.61869632745,11376.27285823431,14354.89433353656,9246.98173938223
FRRRKRMGF,9,19998.61869632745,14723.125024327193,27989.813196343628,133045.441797809
FRYKSRCYV,9,19998.61869632745,26791.683248190315,19453.600816226615,352370.8710424876
FSDLCNFLI,9,19998.61869632745,1169.4993910198712,212.32444620002192,249.45947269429536
FSDVSHWWQ,9,19998.61869632745,4731.512589614803,7447.319739059889,2322.7367963571073
FSFEIALLK,9,1230.268770812381,7655.966069112562,1706.0823890031227,2910.717118066605
FTFDLTALK,9,19998.61869632745,9225.71427154763,433.51087838752886,2157.7444091526645
FTNKLINGY,9,1.9998618696327441,171.39573075084252,5.7543993733715695,48.75284901033865
FVAAFDHFY,9,76.03262769401819,1006.9316688518045,37.41105882720535,194.98445997580455
FVFEATKLY,9,119.94993031493793,38.194427084004644,37.497300224548354,27.797132677592884
FVHSGFIYF,9,756.8328950209736,432.5138310350088,101.39113857366789,91.62204901219997
FVHTLLKTY,9,55.975760149511046,944.0608762859235,190.10782799232996,89.94975815300351
FVKDWMDRI,9,19998.61869632745,6338.69711256927,961.6122783836648,797.994687267976
FVKDWMERI,9,19998.61869632745,2618.1830082189863,881.0488730080137,514.0436515824264
FVNRYGVAY,9,1482.5180851459545,2779.7132677592886,225.94357702209783,143.21878992735438
FWAWSVLRV,9,19998.61869632745,13645.831365889238,28313.91995799379,23173.946499684796
FWLMVYEGL,9,4375.221051582521,21777.09772353159,20989.398836235243,58884.36553555884
FYHISTGGY,9,1210.598133550483,10209.394837076787,11721.953655481304,4645.152752227492
FYLFTFTIY,9,19998.61869632745,12050.359403717986,12735.030810166629,6025.595860743575
FYPINDDFY,9,4875.284901033865,29580.124665515465,24945.947269429562,470977.326396952
GEIFGLLGP,9,1124.6049739669268,31622.776601683792,44771.33041763623,731139.0834834173
GEYAPFARL,9,19998.61869632745,7328.245331389045,13489.628825916532,3689.7759857015008
GEYRSGNNL,9,2937.6496519615307,15739.828644662197,23173.946499684796,18492.686189780758
GFAIPIILK,9,19998.61869632745,32885.16308759827,44258.83723626265,31841975.21726119
GFKLRSAVM,9,19998.61869632745,19769.69640111862,32658.783217233533,23280.91257665008
GHFPLQHAL,9,19998.61869632745,16788.040181225588,25468.302525850446,41304.75019901619
GHLAASVTL,9,19998.61869632745,13091.81922999407,22387.21138568338,6151.768727098677
GHMMVIFRL,9,19998.61869632745,17060.823890031243,20653.80155810531,33651.15693754908
GIVSSMHYK,9,19998.61869632745,23659.196974857565,29241.52377843337,254683.02525850444
GLEAYIQGI,9,19998.61869632745,5420.008904016238,16368.165214278068,6668.067692136218
GLFWGGIWY,9,19998.61869632745,34.99451670283573,373.2501577957206,407.3802778041126
GLIQYPTAW,9,19998.61869632745,739.6052750582375,899.4975815300346,1857.804455091697
GLSFLNPEK,9,19998.61869632745,31915.378551007583,31622.776601683792,1011579.4542598983
GMIPFFDFA,9,19998.61869632745,31117.1633710602,30549.211132155153,2944421.633798757
GMWCVLASR,9,19998.61869632745,27352.68726306714,31260.793671239557,498884.4874600117
GPSPSHKSV,9,19998.61869632745,22029.26463053456,40086.67176273026,74816.95005111537
GQFNRYAAM,9,4168.693834703355,11481.536214968817,2084.4908830972886,9289.663867799363
GRFQEALKK,9,19998.61869632745,32960.97121774576,42559.841313374265,16143585.568264836
GRIPVSDIF,9,19998.61869632745,22080.04733018897,26061.53549998898,140281.3704561959
GRTFGKLPY,9,19998.61869632745,20749.13517454911,24434.305526939712,33342.64127632347
GRVIPRMLY,9,4325.138310350088,14962.356560944329,25118.864315095823,85703.78452303693
GRYNLISPK,9,19998.61869632745,32734.069487883793,36140.98626396131,12473835.142429432
GRYNLVPPK,9,19998.61869632745,32885.16308759827,35892.193464500495,12852866.599436155
GSEEIKSLF,9,181.97008586099827,286.41779699065796,432.5138310350088,199.06733389871863
GSEEIKSLY,9,99.08319448927675,460.2565735813563,140.92887984218748,192.30917289101595
GTEEIRSLF,9,223.872113856834,98.8553094656939,147.91083881682073,230.14418174085088
GTEEIRSLY,9,60.953689724016904,164.81623915255085,48.75284901033865,222.3309890651403
GTEELKSLY,9,59.979107625550945,304.7894989627983,79.98342550070285,112.46049739669269
GTFKSVAVK,9,19998.61869632745,10665.961212302589,4613.17574560379,3828.2474331682283
GVDGLGVSV,9,19998.61869632745,21428.906011200605,20511.621788255667,19453.600816226615
GVPELGAFF,9,19998.61869632745,4742.419852602448,5308.8444423098845,1180.3206356517298
GVRQFSGWM,9,19998.61869632745,922.5714271547629,313.32857243155854,453.94161665020323
HAEIESATL,9,19998.61869632745,28.510182675039097,1849.2686189780777,30.4088502567628
HAEQGLIQY,9,19998.61869632745,20.701413487910415,227.50974307720693,39.994474976109736
HAETESATL,9,19998.61869632745,48.5288500162121,2612.1613543992053,58.8843655355589
HEGDIVPLF,9,645.6542290346556,23496.328208483097,30478.94989627983,48417.23675840989
HHSDDALFI,9,19998.61869632745,22438.81923782766,25409.727055493066,73790.42301291015
HLKEKSSLR,9,19998.61869632745,28773.984147356667,36140.98626396131,946237.161365793
HLLCQAFSV,9,19998.61869632745,14588.142602753474,25763.211570025782,9440.608762859236
HLSGWELAK,9,19998.61869632745,30060.76302628229,29174.27014001166,1419057.5216890925
HPLARTAKV,9,19998.61869632745,22080.04733018897,32359.36569296281,15595.525028269554
HQKKNEISF,9,19998.61869632745,13304.5441797809,17782.794100389227,6053.408747539136
HSDTHGLYW,9,21.97859872784824,6.516283940608428,10.839269140212034,34.59393778261221
HSGFIYFGK,9,19998.61869632745,19952.62314968879,16330.519478943346,47315.12589614803
HSNLNDATY,9,3.9994474976109746,6.324118513762193,15.631476426409538,3.499451670283573
HTAAPWGSY,9,5.000345349769786,21.379620895022324,4.305266104917107,23.227367963571062
HTAEIQQFF,9,1.9998618696327441,18.03017740859569,7.244359600749901,116.94993910198711
HWMDATFNI,9,19998.61869632745,4305.266104917106,11481.536214968817,6025.595860743575
IARLVYKAR,9,19998.61869632745,17947.336268325245,34994.516702835695,123594.74334445094
IEAGDEVFF,9,19998.61869632745,25585.85886905648,34040.81897010009,97050.99672454898
IFRRDQIWF,9,1588.546748597779,12941.958414499863,15170.503674593368,39536.66200681275
IHAEFQASL,9,19998.61869632745,12161.86000646368,12502.590302177188,9057.326008981998
IHDFVDKTL,9,19998.61869632745,21134.890398366475,19054.607179632483,33036.95410368149
IHIPGDTLF,9,19998.61869632745,364.75394692560764,3133.2857243155886,1458.8142602753474
IHLDKGGQF,9,19998.61869632745,1199.4993031493782,14092.887984218747,2027.6827195212818
IHSDQLSKF,9,19998.61869632745,1717.9083871575876,10715.193052376071,1713.9573075084252
IISLKYTRK,9,19998.61869632745,25822.601906345957,37931.49849736817,205589.05959841405
IIYYQLAGY,9,2.999162518987651,5.649369748123025,33.342641276323505,22.59435770220978
ILNRKAIDF,9,19998.61869632745,5370.317963702527,4265.795188015925,1004.6157902783947
ILRPLGIEY,9,48.97788193684461,41.59106104940221,166.34126503701697,173.38039977541374
ILYMLSWGK,9,19998.61869632745,17864.8757485205,17579.23613958693,80352.61221856177
IMNEGWASF,9,467.73514128719813,63.533093185174394,27.478941531023974,85.50667128846833
IMYDSGAKY,9,3.9994474976109746,3.083187950249354,6.123503917247735,3.953666200681279
IPRACQKSL,9,19998.61869632745,12246.16199265049,15631.47642640954,6637.43070401909
IPRLGGMAF,9,3273.406948788383,173.78008287493762,6441.692655151768,1247.3835142429432
IPRNRDNLL,9,19998.61869632745,17378.00828749376,12764.388088113436,12705.74105208542
IQFDWYPTS,9,19998.61869632745,14125.375446227554,14655.478409559128,45289.75799036214
IQNALEKAL,9,19998.61869632745,21627.1852372702,18365.383433483436,9057.326008981998
IRFKDDSSF,9,19998.61869632745,10375.284158180126,12078.138351067797,12161.86000646368
IRKPKHLYV,9,19998.61869632745,20183.663636815596,37325.015779572066,199986.1869632745
IRSAEVVSR,9,19998.61869632745,32284.941217126314,36307.8054770101,15958791.472367305
ISDPLTSGL,9,13.995873225726179,15.13561248436208,31.405086938762164,24.099054286865943
ISEDMHTDK,9,1807.1741260109256,10375.284158180126,23120.64790175594,14487.718535447631
ISNYICVAW,9,7.9983425500702845,54.82769649208539,6.6834391756861455,35.3183169791957
ITDEINQIK,9,19998.61869632745,21727.011788637432,6854.88226452662,49888.44874600127
ITKEKKEEL,9,19998.61869632745,316.22776601683796,4255.984131337426,158.12480392703827
ITMVNSLTY,9,5.000345349769786,2.5003453616964313,1.9010782799233,0.5888436553555889
ITMYVAFEQ,9,19998.61869632745,920.4495717531712,1527.5660582380717,202.76827195212817
ITWETPMIW,9,1.9998618696327441,2.8119008303989403,8.090958991783822,3.523708710424872
IVHVDHECF,9,3427.6778654645045,654.6361740672754,1503.1419660900224,216.7704104819694
IYDFYYLDY,9,19998.61869632745,10839.269140212038,19408.858775927794,10568.175092136586
IYLPIVHPF,9,19998.61869632745,1887.9913490962945,6760.829753919818,3639.1503612720744
IYTDEVYDY,9,1845.0154191794736,20417.379446695275,18197.008586099826,32284.941217126314
IYTTNDNNY,9,19998.61869632745,17060.823890031243,15812.480392703827,16218.100973589299
IYTVIYYIF,9,439.54161543782476,20749.13517454911,19010.782799232995,54827.69649208536
KARNIISPV,9,19998.61869632745,1415.7937799570823,417.8303666466222,716.143410212902
KEAVNHFHL,9,19998.61869632745,17378.00828749376,26242.18543384439,15776.112696993501
KEGKLQCRI,9,19998.61869632745,30060.76302628229,29308.932452503184,132129.56341865766
KFFMVHSLK,9,19998.61869632745,31695.674630434933,36812.89736425313,4623810.213992603
KFKRKLMYV,9,19998.61869632745,27605.778562203446,33036.95410368149,669884.6094165272
KFRRFTQAI,9,19998.61869632745,19408.858775927794,14554.59080581967,70794.57843841374
KICEYIRSY,9,1294.1958414499863,460.2565735813563,189.2343618644974,558.4701947368306
KKNHWFILK,9,19998.61869632745,32734.069487883793,37757.2190925416,11194378.834671503
KKSAFYQSY,9,19998.61869632745,4375.221051582521,3971.915494694401,3917.4187710778306
KLGEGFKSL,9,19998.61869632745,4819.477976251276,5701.642722807478,6309.57344480193
KLHRYIDSM,9,19998.61869632745,11194.378834671503,279.8981319634363,4008.6671762730302
KLINTLFHA,9,19998.61869632745,24717.24145016129,7943.282347242814,123594.74334445094
KLITQPLPA,9,19998.61869632745,20183.663636815596,19453.600816226615,87096.35899560814
KLKKKSAFY,9,19998.61869632745,553.3501092157371,1180.3206356517298,629.5061828571975
KLLKSWVSK,9,19998.61869632745,29512.09226666384,28840.31503126606,334195.04002611426
KLLNRVIGY,9,41.0204102986607,744.7319739059889,127.35030810166616,472.06304126359043
KLQDLTLRC,9,19998.61869632745,21134.890398366475,16749.42876026438,3341.9504002611393
KLQPSDTLL,9,19998.61869632745,287.0780582024692,765.5966069112561,639.7348354826482
KLTQGRQTY,9,2910.717118066605,553.3501092157371,114.02497875611685,918.332596483581
KLWIWIGSQ,9,19998.61869632745,12764.388088113436,26302.679918953814,12445.146117713844
KLWTSISCA,9,19998.61869632745,16788.040181225588,22698.648518838214,89949.75815300347
KLYPNVDFY,9,207.01413487910415,43.55118736855686,13.995873225726179,356.45113342624427
KMFHGGLRY,9,1.9998618696327441,4.385306977749857,4.092606597300109,14.859356422870068
KPGPAKFSL,9,19998.61869632745,11534.53257821093,18879.913490962925,7294.575102545687
KPIPHRTVL,9,19998.61869632745,9078.205301781862,10209.394837076787,6095.368972401694
KPKALSEAF,9,19998.61869632745,12022.644346174131,12912.192736135361,4446.312674691088
KPKHLYVSM,9,19998.61869632745,18155.156627731332,8851.156098308356,9120.108393559096
KPKVASEAF,9,19998.61869632745,7481.695005111537,11748.975549395303,4677.351412871981
KPTFKHASV,9,19998.61869632745,17906.058540352948,25061.09253032114,11641.260294104908
KQGDVFYTA,9,19998.61869632745,32136.60538640315,34040.81897010009,4008667.176273026
KRKLMYVSA,9,19998.61869632745,32508.729738543407,43551.18736855679,15100801.541641463
KRLQILGYL,9,19998.61869632745,24434.305526939712,18365.383433483436,119398.8104464273
KRWGFRSGV,9,19998.61869632745,27669.416454115126,29991.62518987653,1124604.9739669268
KSLGIDQIW,9,1.9998618696327441,7.780365510398038,8.241381150130021,11.885022274370183
KSNRIPFLY,9,10.0,52.48074602497726,8.016780633876792,25.176769277588555
KSRCASPST,9,19998.61869632745,255.85858869056452,1309.181922999407,139.63683610559377
KSRENSTLI,9,5.000345349769786,5.546257129579109,11.066237839776663,11.508003889444357
KSYCQPLPE,9,2535.128630497907,102.32929922807536,1513.5612484362086,7.345138681571149
KTDIVNTTY,9,11.994993031493788,7.762471166286917,9.749896377173872,18.113400926196025
KTIECSKEL,9,10.0,11.803206356517299,14.256075936021887,17.179083871575884
KTIQGGLGW,9,1.9998618696327441,2.710191631890843,2.2181964198002193,1.9364219639466071
KTTKSWLQK,9,19998.61869632745,6561.45266302905,4197.589839910078,2123.2444620002193
KVFFGPIYY,9,21.97859872784824,11.117317272815914,11.246049739669262,10.0
KVMDFGIAR,9,19998.61869632745,20230.191786782718,11587.773561551261,68548.8226452662
KVSVGSYFC,9,19998.61869632745,14621.771744567182,12105.981335504828,1492.794409578996
KYFDDVTAF,9,4325.138310350088,3944.573020752785,5272.298614228227,9354.05674147552
KYMDNELVY,9,19998.61869632745,3990.2490236214244,3881.5036599064824,2971.6660317380283
KYTHFFSGF,9,586.1381645140291,9462.371613657939,7095.777679633895,8689.60429286301
KYYLAYTSY,9,2824.8799749157074,48.30588020397728,1458.8142602753474,765.5966069112561
LANPTADDF,9,19998.61869632745,159.220872705117,57.67664633922506,52.722986142282274
LARQHIAAL,9,10.0,33.11311214825911,111.94378834671514,69.3425806016569
LEEDIQHFL,9,19998.61869632745,26242.18543384439,35974.93351557424,306902.1988391158
LESLTDREL,9,19998.61869632745,21827.29911842999,31188.895840939353,23496.328208483097
LEYGANYFL,9,19998.61869632745,11694.993910198724,10115.794542598982,19098.532585662408
LFLSFCSLF,9,19998.61869632745,14190.575216890926,10964.78196143185,9141.132414702508
LFNTIATLY,9,2506.109253032111,15958.791472367337,9289.663867799363,17701.08958317422
LFPELECFF,9,19998.61869632745,27227.0130807791,26915.348039269138,287078.0582024686
LITNTIAGV,9,19998.61869632745,12618.275345906706,8241.38115013003,8298.507675144218
LKEKSSLRY,9,19998.61869632745,1169.4993910198712,12331.048332289096,1552.3870099580831
LLAMTFWPA,9,19998.61869632745,29107.17118066602,25409.727055493066,924698.1739382229
LLLLISLVY,9,19998.61869632745,127.35030810166616,1321.2956341865765,142.23287871228197
LMQCWQLLA,9,19998.61869632745,29922.64636608189,15995.580286146678,190546.07179632483
LMRTNFLIK,9,19998.61869632745,26607.250597988084,25941.793621188124,311171.63371060137
LNWFEIWIV,9,19998.61869632745,20749.13517454911,24603.676041476272,133352.1432163324
LPQYFTFDL,9,19998.61869632745,19860.949173573717,27989.813196343628,14060.47524129913
LPRERFRKT,9,19998.61869632745,29241.52377843337,43351.08783875284,369828.1797802659
LPSSSSYSY,9,19998.61869632745,3365.115693754905,2944.4216337987605,703.0723198838334
LPVFATIGL,9,19998.61869632745,3580.9643710263585,5223.9618899911975,979.4899854086991
LQDDFDFNY,9,19998.61869632745,4236.429660495409,3715.352290971724,2691.5348039269165
LQIRGRERF,9,19998.61869632745,12133.888504649762,3483.3731503601166,8729.713683881122
LQKIPLQWF,9,19998.61869632745,816.5823713585922,3396.2527259040853,1124.6049739669268
LQPSDTLLF,9,19998.61869632745,20323.57010936221,6151.768727098677,9484.184633008968
LRKERLAKL,9,19998.61869632745,20044.720273651594,27669.416454115126,30130.060241861218
LRNIYETEF,9,19998.61869632745,14962.356560944329,19010.782799232995,18450.154191794736
LRWASGVSE,9,19998.61869632745,27039.583641088408,42266.86142656033,72610.59574351559
LRYGNVLDV,9,19998.61869632745,21086.281499332887,24603.676041476272,101391.138573668
LSDAIFDDL,9,19998.61869632745,5942.92158615572,1694.337800447327,1367.7288255958495
LSDLCNFLV,9,19998.61869632745,4149.540426343632,1044.7202192207992,1330.45441797809
LSEEANWAF,9,23.9883291901949,8.413951416451951,39.53666200681279,56.88529308438413
LSPDDIEQW,9,818.4647881347903,246.03676041476274,103.5142166679344,204.6444636724674
LTFLDCLYY,9,1.9998618696327441,3.7757219092541607,5.902010801718442,4.931738039549358
LTFLHTLYK,9,226.98648518838212,2032.3570109362229,3828.2474331682283,1563.1476426409538
LTVKHMANV,9,7.9983425500702845,31.550046233746276,138.03842646028852,64.86344335482381
LVAPHMAMM,9,239.88329190194898,46.88133821452653,95.71940712948441,59.292532458
LVTARQKLK,9,19998.61869632745,31915.378551007583,35892.193464500495,138675.58288718897
LYKTIVNIW,9,19998.61869632745,24043.628000069348,24774.22057633286,110917.4815262401
LYNTIATLY,9,19998.61869632745,17298.16359215103,8729.713683881122,16443.717232149324
LYNTIAVLY,9,19998.61869632745,23933.15756405385,9354.05674147552,20417.379446695275
LYNTVATLY,9,19998.61869632745,18663.796908346696,5956.621435290103,15703.628043335548
LYVAGVPEL,9,19998.61869632745,8147.042840208396,11481.536214968817,8279.421637123345
MEFNSLLAI,9,19998.61869632745,7144.9632607551275,3971.915494694401,5164.163692720711
MFINDVHAL,9,19998.61869632745,22855.9880337543,18967.059212111482,80167.8063387679
MFKNFPFFK,9,19998.61869632745,32885.16308759827,41495.40426343633,31915378.551007584
MHYKLDEVL,9,19998.61869632745,12882.495516931349,12912.192736135361,4017.908108489396
MKWMMAMKY,9,912.0108393559096,247.17241450161316,6367.955209079156,1270.5741052085407
MLSSFGWIY,9,19998.61869632745,1807.1741260109256,202.76827195212817,496.59232145033627
MLTNASGHA,9,19998.61869632745,28444.61107447914,29991.62518987653,130316.67784523
MLVGHMPFM,9,345.1437393358564,222.84351492703053,961.6122783836648,831.7637711026708
MMHASTSPF,9,6.998419960022734,17.458221529205037,18.92343618644976,19.142559250210848
MQDVFTFYV,9,19998.61869632745,21037.784397664775,12912.192736135361,52119.471110508
MQLPGGWLL,9,4742.419852602448,935.4056741475521,2811.9008303989394,1520.5475297324954
MRHNSREPY,9,19998.61869632745,19588.44673505989,14521.11617587742,46451.52752227492
MRNTIMASK,9,19998.61869632745,31550.04623374624,34914.03154785863,7227698.036021703
MTRVTNNVY,9,1.9998618696327441,5.675446054085471,6.516283940608428,9.120108393559097
MVFQNYALY,9,1.9998618696327441,12.078138351067803,8.394599865193975,11.481536214968829
NFWLNTLLF,9,2582.260190634596,11641.260294104908,20844.908830972887,17741.894808901645
NHHPRARSM,9,19998.61869632745,26363.313858253816,33651.15693754908,80167.8063387679
NIMEFCKAY,9,19998.61869632745,11830.41555725166,8413.951416451948,10764.65213629835
NIYETEFFM,9,19998.61869632745,2483.13310529557,7128.530301265198,2792.543841237339
NLTEEMAAL,9,19998.61869632745,15848.93192461114,22387.21138568338,9204.495717531712
NMYSEICYS,9,19998.61869632745,27101.916318908417,25941.793621188124,87096.35899560814
NPANKEESI,9,19998.61869632745,30549.211132155153,37153.52290971728,619441.0750767824
NRDVSFQDL,9,19998.61869632745,31117.1633710602,40738.02778041131,2890679.8823654777
NRYGVAYVY,9,2910.717118066605,22961.486481123655,13273.944577297401,84722.74141405964
NSDTVDWSW,9,19998.61869632745,1235.9474334445108,701.4552984199714,1061.6955571987253
NSESGNSRY,9,19998.61869632745,232.80912576650078,918.332596483581,77.44617978025188
NSNINVINY,9,19998.61869632745,301.3006024186122,195.8844673505989,43.251383103500864
NSTHNTPVY,9,19998.61869632745,288.40315031266056,155.95525028269537,41.30475019901613
NTDAFSREY,9,19998.61869632745,571.4786366718666,75.50922276654342,240.9905428686593
NTDDFPLTL,9,19998.61869632745,226.46443075930597,368.97759857015006,232.80912576650078
NTRDHVNLV,9,19998.61869632745,8147.042840208396,12618.275345906706,7328.245331389045
NYNGLLSSI,9,19998.61869632745,31260.793671239557,20606.299132700005,314774.83141013107
PAASAIFDV,9,19998.61869632745,22646.44307593062,28575.905433749496,44771.33041763623
PEDDGTDWF,9,19998.61869632745,31045.595881283556,43651.58322401656,4920395.356814511
PELGAFFAI,9,19998.61869632745,30619.63433690682,43052.66104917101,3380648.3620598153
PHPVVVRTL,9,19998.61869632745,33036.95410368149,42364.29660495409,14288939.585111037
PQVLGGLSF,9,19998.61869632745,2128.1390459827135,16405.89773199539,10139.1138573668
PSEVELEEY,9,19998.61869632745,4753.352259428054,8790.225168308842,4497.798548932879
QAFEAGIDF,9,19998.61869632745,6.237348354824193,135.20725631942764,17.298163592151013
QFLSFASLF,9,19998.61869632745,13152.248321922376,16405.89773199539,10592.537251772897
QHSFMANRM,9,19998.61869632745,19860.949173573717,21827.29911842999,20653.80155810531
QLFPELECF,9,19998.61869632745,44.6683592150963,928.9663867799363,1270.5741052085407
QTEPKTSVV,9,19998.61869632745,164.81623915255085,10543.86896391258,477.5292736576907
QVIEYLKPY,9,57.94286964268812,53.70317963702527,65.61452663029053,75.85775750291836
QVQMLINTY,9,1745.8221529205039,2924.1523778433366,1399.5873225726193,446.683592150963
QYSGFVRTL,9,460.2565735813563,21428.906011200605,16865.530253887424,71614.34102129027
QYSPHSFMA,9,19998.61869632745,30549.211132155153,45185.59443749226,3273406.9487883793
RADSMMLGY,9,5.000345349769786,5.236004365857504,31.045595881283557,6.456542290346556
RAMDVYCHR,9,19998.61869632745,14092.887984218747,6606.934480075957,25061.09253032114
RANNNRLPK,9,19998.61869632745,25292.979964461472,7030.723198838334,18793.168168032684
RDRFKRTSF,9,19998.61869632745,497.7370849789361,19453.600816226615,1377.2094688939458
REIGDISYL,9,19998.61869632745,19998.61869632745,14256.075936021878,17823.787674480907
RELYYRLKF,9,19998.61869632745,4655.860935229591,15417.004529495583,2716.439268839081
REVFYFGKF,9,19998.61869632745,3396.2527259040853,15310.874616820287,1836.5383433483455
REVLNVRYM,9,511.6818355403073,11324.003632355554,9397.233105646385,8912.509381337459
RFRCVGPAP,9,19998.61869632745,30690.21988391158,36475.3946925608,1153453.257821093
RHYKRWPFY,9,2466.0393372343387,1432.187899273544,1071.519305237606,1448.7718535447616
RIEQLYPFA,9,19998.61869632745,30269.134281013048,29241.52377843337,824138.115013003
RIGGVLIFR,9,19998.61869632745,30974.19299216584,40644.33291652128,3467368.504525317
RIRKDFGKR,9,2612.1613543992053,30269.134281013048,36140.98626396131,1981527.025805101
RIYDPLWFQ,9,19998.61869632745,3349.654391578276,8609.937521846008,5023.4258952238715
RKLGWWLKL,9,19998.61869632745,4808.393484497285,11561.122421920982,4139.996748197304
RKLTNPANK,9,19998.61869632745,29580.124665515465,42072.662838444376,1468926.2776438692
RKMPHLFSK,9,19998.61869632745,28119.008303989394,30478.94989627983,1205035.9403717986
RKWGLDFCY,9,19998.61869632745,968.2778562612496,8090.958991783821,1949.8445997580454
RLASTVIYR,9,19998.61869632745,26853.444456585035,28575.905433749496,338844.15613920277
RLASYGLYY,9,33.03695410368149,26.42408757321946,32.43396173493492,81.65823713585922
RMMETWHPL,9,903.6494737223023,64.41692655151775,27.478941531023974,157.76112696993485
RPAFPAGTF,9,19998.61869632745,1725.837891990204,1995.2623149688789,416.8693834703355
RPGPVKFSL,9,19998.61869632745,15559.65631605075,18749.945080674173,9660.508789898131
RPNRQLGSM,9,19998.61869632745,19498.445997580457,4591.980128368686,5929.2532458
RPRLHSISF,9,19998.61869632745,184.07720014689562,1465.5478409559128,374.97300224548337
RPVFARLPF,9,19998.61869632745,146.89262776438662,743.0191378967021,213.30449131465772
RQAELSKAY,9,19998.61869632745,3198.895109691397,1621.8100973589299,1241.6523075924106
RQKLKDAEK,9,19998.61869632745,28575.905433749496,41975.89839910078,430526.61049171013
RQMKSGGRF,9,632.4118513762197,243.2204009073816,787.0457896950993,279.8981319634363
RQNAAIEAL,9,19998.61869632745,12189.895989248673,3467.368504525317,3767.0379898390893
RRAAVSTLE,9,19998.61869632745,29376.496519615306,44771.33041763623,146554.78409559128
RRELSKEKL,9,19998.61869632745,22438.81923782766,37931.49849736817,115080.03889444357
RRFDTFKAF,9,19998.61869632745,1845.0154191794736,12764.388088113436,14387.985782558466
RRFTQAIYD,9,19998.61869632745,24945.947269429562,43151.9076827765,87297.13683881113
RRMATTFTF,9,4753.352259428054,662.2165037017622,1815.515662773135,1374.041975012515
RRNRKALWL,9,19998.61869632745,15346.16982799294,18492.686189780758,18879.913490962925
RRRPVTRPL,9,19998.61869632745,8570.378452303701,15631.47642640954,29444.216337987575
RRSLLAHVR,9,19998.61869632745,31550.04623374624,40831.938633269274,8203515.443298177
RRYTRRISL,9,1267.6518658578461,7227.698036021702,7834.296427662112,14157.93779957081
RSNDTELNY,9,20.989398836235235,4.045758916974426,4.073802778041127,1.823895702319638
RSTLANGWY,9,1.9998618696327441,5.714786366718671,7.762471166286917,5.321082592667942
RSYMSFWCK,9,1342.7649611378642,272.27013080779125,2618.1830082189863,1636.8165214278085
RTDNGGWAH,9,19998.61869632745,3793.149849736817,1297.1792709839558,4775.2927365769065
RTEILGLVK,9,19998.61869632745,5176.068319505676,11350.108156723143,2172.7011788637433
RTFGKLPYR,9,130.9181922999407,409.26065973001096,3926.449353995997,2317.39464996848
RTFSILNRK,9,19998.61869632745,12078.138351067797,1482.5180851459545,4875.284901033865
RTMGWTEYQ,9,19998.61869632745,939.7233105646385,529.6634438916575,292.4152377843334
RTMPLSRFT,9,19998.61869632745,271.01916318908445,247.74220576332863,466.65938031428817
RTRGGVAAA,9,19998.61869632745,772.6805850957021,639.7348354826482,1651.961798229015
RTYSLLNRK,9,19998.61869632745,4931.738039549359,360.57864302164234,1250.25903021772
RVATENIAV,9,19998.61869632745,13001.695780332899,2365.9196974857564,5741.164622073275
RVCAEMVAK,9,19998.61869632745,28840.31503126606,23227.367963571098,48528.8500162121
RVFDKADGK,9,19998.61869632745,20941.124558508956,21232.444620002192,27925.43841237342
RVFGFRTAK,9,354.8133892335753,23227.367963571098,8629.785477669711,63241.18513762197
RVLGRVLPY,9,1.9998618696327441,9.22571427154763,11.04078619902073,6.918309709189364
RVMPVFAFK,9,4666.593803142882,21677.041048196963,12705.74105208542,40926.065973001096
RVPTVFHKK,9,19998.61869632745,29785.16429429191,32062.693245054674,743019.1378967022
RVRPKKEVL,9,19998.61869632745,271.01916318908445,1412.537544622754,212.81390459827134
RVRQQVIQL,9,33.03695410368149,21.23244462000219,43.251383103500864,35.0751873952568
RVRRLNWAA,9,19998.61869632745,26791.683248190315,15310.874616820287,96605.08789898141
RVYLNGIGK,9,933.2543007969915,7464.487584100669,9484.184633008968,2654.605561975539
RVYLQGHGY,9,5.000345349769786,3.213660538640317,19.67886289706845,2.6668586645214796
RVYNNTARY,9,1.9998618696327441,4.698941086052154,3.872576449216172,1.7378008287493754
RVYVAQKRK,9,19998.61869632745,13091.81922999407,16330.519478943346,6870.684400142318
RWRVYLRRK,9,19998.61869632745,29308.932452503184,42266.86142656033,1442115.351524868
RYEFTAPFI,9,19998.61869632745,16255.48755750485,19230.917289101577,20137.242498623855
RYMSKTYNF,9,19998.61869632745,5333.348954876208,10839.269140212038,3630.780547701014
RYTRRISLF,9,257.03957827688646,13304.5441797809,6637.43070401909,6025.595860743575
SFSFGGFTF,9,39.994474976109736,3622.429984166984,2312.064790175594,2910.717118066605
SFVTDLEKY,9,19998.61869632745,21978.59872784823,14521.11617587742,77446.17978025175
SHAKVLVTF,9,2971.6660317380283,24888.573182823904,7603.262769401822,24266.100950824144
SHYSHNPKL,9,855.0667128846832,12078.138351067797,14893.610777109154,5011.872336272725
SIIQEKLGY,9,11.994993031493788,2884.031503126606,797.994687267976,1468.9262776438661
SIKFKRKLM,9,19998.61869632745,20137.242498623855,16519.61798229015,13212.956341865765
SKLRALLTL,9,19998.61869632745,13931.568029453036,9772.372209558112,9332.543007969914
SLFNWLWYE,9,19998.61869632745,26607.250597988084,30478.94989627983,30408.85025676283
SLFTEQAFY,9,19998.61869632745,1559.552502826954,369.8281797802663,1896.7059212111465
SLGDPLHQA,9,19998.61869632745,29853.82618917957,33962.527259040886,654636.1740672747
SLICGAALY,9,335.7376142429545,1559.552502826954,269.77394324449205,314.0508693876217
SLIVKCMPY,9,2432.204009073816,881.0488730080137,822.2426499470712,1099.005839432522
SLLFREVWK,9,19998.61869632745,32136.60538640315,36475.3946925608,783429.642766212
SLLHESTLK,9,19998.61869632745,30338.911841942718,31622.776601683792,651628.3940608428
SLMSRVVYK,9,19998.61869632745,32734.069487883793,24831.331052955677,714496.3260755135
SLYKYLLLR,9,19998.61869632745,22438.81923782766,21727.011788637432,133352.1432163324
SMHYKLDEV,9,19998.61869632745,27039.583641088408,15205.475297324938,69023.98038402412
SMNYPNSYK,9,19998.61869632745,31550.04623374624,12189.895989248673,567544.6054085465
SPGDNSAKF,9,19998.61869632745,7379.042301291015,17988.709151287872,1819.7008586099826
SPKIDRGWV,9,19998.61869632745,32359.36569296281,41209.751909733044,1972422.7361148535
SPMETTAEF,9,19998.61869632745,4375.221051582521,2999.16251898765,820.3515443298177
SPVMGVIGF,9,19998.61869632745,3019.9517204020162,3732.5015779572063,2233.5722228305303
SPVSRSHSF,9,19998.61869632745,2152.781734724374,4864.072056914614,954.992586021436
SQIETGTPF,9,19998.61869632745,511.6818355403073,619.4410750767812,602.5595860743575
SQLPPACPV,9,19998.61869632745,21086.281499332887,19319.68317016926,18578.04455091699
SQVRVPTVF,9,19998.61869632745,11066.237839776653,3221.0687912834346,4130.475019901614
SRQRQAIPY,9,19998.61869632745,27101.916318908417,21978.59872784823,75509.22276654342
SSDDIPPRW,9,19998.61869632745,55.59042572704037,275.4228703338166,73.2824533138904
SSDLRSWTF,9,19998.61869632745,17.378008287493753,98.4011105761134,38.106582339377304
SSNPVMSRF,9,1.9998618696327441,8.016780633876792,1.9998618696327441,6.471426157485831
SSWNSAHEK,9,19998.61869632745,14655.478409559128,8184.647881347903,11885.022274370189
STFATVLEY,9,1.9998618696327441,3.5075187395256804,1.981527025805098,1.6710906143107076
STSRSYMSF,9,3.9994474976109746,5.970352865838367,6.516283940608428,21.183611352485013
STYQFSLMQ,9,19998.61869632745,87.29713683881113,167.49428760264382,42.169650342858226
SVANIDRIK,9,19998.61869632745,32960.97121774576,29174.27014001166,1406047.524129913
SVFALLPPQ,9,19998.61869632745,18620.871366628657,7294.575102545687,762.0790100254114
SVFPFDGTR,9,129.12192736135336,21478.304741305332,8974.28794500749,37411.058827205365
SVIDHIHYM,9,50.003453497697855,935.4056741475521,22.335722228305315,325.8367010020087
SVMSTFFWE,9,19998.61869632745,19998.61869632745,27733.20104651844,1288.2495516931335
SWHHTSDDF,9,19998.61869632745,16826.740610704674,24490.632418447418,11967.405313072442
SYFPDSNNV,9,19998.61869632745,27669.416454115126,31260.793671239557,385478.3576657721
SYINRTGTF,9,477.5292736576907,19633.602768360473,7816.2780458833,16368.165214278068
SYIRYFTVF,9,19998.61869632745,18663.796908346696,13520.72563194278,22387.21138568338
SYLIRALTL,9,195.8844673505989,9660.508789898131,8749.837752274356,4764.309868054156
SYMLQGLRK,9,19998.61869632745,30902.95432513592,39719.15494694405,2779713.267759288
SYRNFSFSL,9,2187.761623949552,14962.356560944329,12022.644346174131,23659.196974857565
SYVFNFHKY,9,19998.61869632745,8994.975815300346,7943.282347242814,8222.426499470712
TEANAGQFL,9,19998.61869632745,27733.20104651844,36224.299841669876,198152.7025805101
TEDDWITYI,9,19998.61869632745,27669.416454115126,29991.62518987653,342767.78654645046
TEDQGHFPL,9,19998.61869632745,27669.416454115126,33728.73086588692,159587.91472367305
TEFFMSRKL,9,19998.61869632745,17782.794100389227,23604.78233180578,10616.955571987242
TLASIGTAF,9,19998.61869632745,5445.026528424214,2218.1964198002192,4775.2927365769065
TLKDGDFIL,9,19998.61869632745,11694.993910198724,10939.563662720931,6501.296903430909
TLKPGTMSV,9,19998.61869632745,14028.13704561959,18967.059212111482,36728.2300498085
TLYCVHQEI,9,1862.0871366628676,6081.350012787177,1633.0519478943347,1954.3394557753963
TMGPHPAGV,9,19998.61869632745,17258.37891990204,24322.04009073816,25351.286304979072
TMLYNKMEF,9,311.171633710602,3580.9643710263585,1247.3835142429432,1927.5249131909366
TMMRHRREL,9,19998.61869632745,21777.09772353159,11641.260294104908,25292.979964461472
TPSGKRLQI,9,19998.61869632745,22803.420720004207,25409.727055493066,22335.722228305327
TPSHYSGNI,9,19998.61869632745,21978.59872784823,25176.769277588544,8974.28794500749
TPSVKVCIV,9,19998.61869632745,30269.134281013048,38994.19866765436,236047.82331805734
TPVMSRFAA,9,19998.61869632745,31260.793671239557,37844.258471709356,4159106.104940219
TRDHVNLVL,9,19998.61869632745,29991.62518987653,31188.895840939353,494310.6869868354
TRKIRSEEL,9,19998.61869632745,28707.805820246922,38725.764492161725,269153.4803926914
TSACGIFLK,9,19998.61869632745,25585.85886905648,10139.1138573668,34355.7947899875
TTADHMHML,9,375.8374042884443,29.10717118066605,225.42392121524304,101.85913880541169
TTDDSTSYY,9,19998.61869632745,16.788040181225607,72.61059574351547,32.50872973854342
TTILGLLPM,9,38.99419866765434,9.015711376059569,6.151768727098682,14.223287871228198
TVIRFWHAM,9,293.76496519615307,13396.766874259343,161.064563517827,1807.1741260109256
TVLDHILQK,9,19998.61869632745,26001.595631652723,25176.769277588544,44771.33041763623
TVLEFILQK,9,19998.61869632745,25763.211570025782,23067.471887200714,32136.60538640315
TVRPGNKGY,9,19998.61869632745,73.79042301291011,721.1074791828997,163.68165214278085
TYLYNKYSF,9,2685.344445658506,25882.12915153093,22961.486481123655,107151.9305237607
TYSPALNKM,9,19998.61869632745,23933.15756405385,19678.86289706843,55335.01092157371
VEIFKHLVF,9,1678.8040181225606,4207.266283844438,13458.60354055947,1702.158508394952
VEIKTGFKL,9,19998.61869632745,14421.153515248681,18663.796908346696,9397.233105646385
VELGSGNSF,9,4178.303666466222,8871.560120379609,15631.47642640954,9289.663867799363
VFSPFGYSF,9,2937.6496519615307,3723.917062545687,2588.212915153093,8184.647881347903
VLIRRCHYL,9,19998.61869632745,5754.399373371566,6471.426157485837,3614.0986263961354
VLLTRSPDQ,9,19998.61869632745,24717.24145016129,40086.67176273026,19098.532585662408
VLQQIFHSS,9,19998.61869632745,30690.21988391158,34593.93778261217,778036.551039804
VLSDLCNFL,9,19998.61869632745,15031.419660900208,6760.829753919818,15135.612484362071
VLWKSYPLV,9,19998.61869632745,7943.282347242814,13427.649611378642,17619.76046411631
VLYCVHQEI,9,345.1437393358564,1377.2094688939458,666.8067692136219,763.8357835776907
VLYCVHQHI,9,1472.3125024327194,986.2794856312099,265.4605561975539,575.4399373371566
VLYHRYNLV,9,19998.61869632745,7128.530301265198,8669.61875758217,14028.13704561959
VMAASGAPF,9,213.79620895022325,15.595525028269538,22.542392121524305,46.77351412871981
VMGVIGFGF,9,19998.61869632745,370.680721782576,829.8507675144217,803.5261221856169
VPADHRLAF,9,19998.61869632745,8953.647655495937,7128.530301265198,11350.108156723143
VSDGGPNLY,9,191.8668740670289,160.32453906900417,67.45280276979219,181.5515662773135
VSDTTVLLH,9,3069.021988391158,3162.2776601683795,641.2095765851615,1256.0299636948741
VSRDFDDVY,9,19998.61869632745,20.417379446695296,10.914403364487566,30.4088502567628
VSSHKGWAK,9,19998.61869632745,17701.08958317422,8871.560120379609,27733.20104651844
VTENKKIQY,9,19998.61869632745,37.583740428844415,237.13737056616552,48.083934844972845
VTFFCVMTY,9,15.995580286146687,3.118889584093937,2.7989813196343625,1.7100153150902877
VTGCASLYV,9,19998.61869632745,132.43415351946643,215.27817347243737,127.05741052085419
VTIPQIGGM,9,36.982817978026624,5.714786366718671,7.852356346100718,18.879913490962934
VTRPLRTMV,9,19998.61869632745,102.5651926251408,495.45019080479005,558.4701947368306
VVDALRNIY,9,19998.61869632745,14256.075936021878,1069.0548792226577,2084.4908830972886
VVYMDMGVR,9,19998.61869632745,21330.44913146575,23496.328208483097,35974.93351557424
VWKQLFPEL,9,19998.61869632745,25292.979964461472,26791.683248190315,34753.616144320615
VYSFDESSF,9,2098.9398836235246,19230.917289101577,20137.242498623855,12473.835142429432
WFLYVSQQI,9,19998.61869632745,12246.16199265049,14723.125024327193,15595.525028269554
WFQRIPLQW,9,19998.61869632745,11066.237839776653,17060.823890031243,12793.813041575253
WGKEAVNHF,9,19998.61869632745,1790.6058540352947,2728.9777828080432,946.2371613657939
WKAIGAYIL,9,19998.61869632745,17021.5850839495,32734.069487883793,32885.16308759827
WLKERLPGF,9,19998.61869632745,324.33961734934934,3556.3131856898544,535.7966575133412
WLQKIPLQW,9,19998.61869632745,790.6786279998254,1119.4378834671513,610.9420249055721
WQDGGWQSV,9,19998.61869632745,23823.19469358689,28575.905433749496,167494.2876026438
WQFAIHYSF,9,4677.351412871981,382.82474331682283,3723.917062545687,941.8895965228409
WQFGPSTYY,9,1028.0162981264734,33.03695410368149,277.97132677592884,184.92686189780778
WQQWDRQSL,9,19998.61869632745,18071.74126010926,25468.302525850446,26061.53549998898
WSADGSSMY,9,8.994975815300354,3.548133892335755,9.440608762859233,5.470159628939716
WSFYRVVVK,9,19998.61869632745,12735.030810166629,4886.523593428332,3580.9643710263585
WSQNPTMLY,9,1.9998618696327441,21.827299118430012,7.5857757502918375,20.137242498623884
WTDLFDNKV,9,19998.61869632745,2259.435770220976,1066.596121230258,1757.923613958693
WTGMVDGWY,9,19998.61869632745,22.803420720004187,11.402497875611685,53.08844442309885
WVSRFGERK,9,19998.61869632745,29444.216337987575,25527.013026612472,113501.08156723143
YADHGANQL,9,2618.1830082189863,112.2018454301963,648.6344335482381,107.64652136298349
YAYEPGSVM,9,1.9998618696327441,3.741105882720533,13.031667784522993,2.113489039836647
YEVPAALIL,9,557.1857489319304,1161.4486138403427,13708.817661648523,1358.3134465871542
YFKRELKSF,9,4477.133041763628,17100.153150902897,21232.444620002192,35974.93351557424
YFTFDLTAL,9,19998.61869632745,20090.928126087278,18793.168168032684,30902.95432513592
YHLGGIEGL,9,19998.61869632745,11481.536214968817,21727.011788637432,18578.04455091699
YHRFGLYRL,9,19998.61869632745,5767.664633922509,12331.048332289096,5382.697825162887
YITDYSNDI,9,19998.61869632745,5714.786366718666,10447.202192208004,2055.8905959841427
YLAPSYRNF,9,3981.0717055349733,22.438819237827662,118.57687481671597,454.9880601500485
YLEGTRTLL,9,19998.61869632745,3689.7759857015008,14521.11617587742,4216.965034285822
YLIPSVTSL,9,19998.61869632745,14.52111617587742,312.6079367123956,140.92887984218748
YLPYDIFCR,9,19998.61869632745,30974.19299216584,39810.71705534969,8413951.416451948
YLQAKSQVL,9,19998.61869632745,1798.8709151287874,7943.282347242814,502.34258952238713
YLQYSISTA,9,19998.61869632745,24888.573182823904,23933.15756405385,87498.37752274364
YMKPGSSPL,9,4864.072056914614,29.376496519615323,462.38102139926036,105.19618738232224
YMLSWGKEA,9,19998.61869632745,23713.737056616552,22335.722228305327,73620.70974947361
YMREVGAAL,9,74.98942093324558,69.98419960022734,903.6494737223023,314.77483141013175
YMYAVSGAL,9,181.97008586099827,43.85306977749856,409.26065973001096,105.92537251772886
YNIDRLNAL,9,1032.7614057613969,7498.942093324558,11694.993910198724,11220.18454301963
YPSLMSRVV,9,19998.61869632745,19543.394557753963,28906.798823654775,20989.398836235243
YQIEGAWRA,9,19998.61869632745,27733.20104651844,26242.18543384439,253512.8630497907
YQNEVTPEY,9,2197.8598727848253,5997.910762555094,363.0780547701014,845.27884516029
YQTYVSPGA,9,19998.61869632745,29580.124665515465,35974.93351557424,315500.4623374624
YQVEGATRV,9,19998.61869632745,4216.965034285822,16634.126503701696,4570.881896148751
YQYIFLSFF,9,19998.61869632745,45.498806015004874,362.24299841669875,157.76112696993485
YQYPRDTHY,9,164.81623915255085,7.979946872679767,87.09635899560806,38.547835766577165
YRFRFRSVY,9,1905.4607179632462,16481.62391525507,5296.634438916575,19275.249131909368
YRGEYRQSR,9,19998.61869632745,32508.729738543407,45289.75799036214,62661386.46723363
YRNFSFSLK,9,19998.61869632745,32885.16308759827,37411.058827205365,6622165.037017629
YRRKLTNPA,9,19998.61869632745,32885.16308759827,38815.036599064784,12647363.474711522
YRTAVCGLY,9,19998.61869632745,23173.946499684796,12793.813041575253,42266.86142656033
YRTLGVFRY,9,19998.61869632745,5861.381645140291,9660.508789898131,5272.298614228227
YRVRNVQTL,9,19998.61869632745,9682.778562612497,9225.71427154763,16330.519478943346
YSDNEMLTH,9,19998.61869632745,524.8074602497728,722.7698036021702,475.3352259428054
YSLAGSSPF,9,1.9998618696327441,2.710191631890843,2.4490632418447453,0.8090958991783823
YSPALNKMF,9,337.2873086588689,150.31419660900224,770.90346906443,73.96052750582378
YTFEPHYFY,9,1.9998618696327441,3.311311214825911,3.0902954325135905,6.6834391756861455
YVVSRRGDL,9,19998.61869632745,4168.693834703355,9772.372209558112,352.3708710424869
YVYFYDLSY,9,1.9998618696327441,2.8183829312644537,4.385306977749857,0.6683439175686147
YWMGGTTYF,9,1013.9113857366799,469.8941086052151,4720.630412635905,1037.5284158180127
YYKDDISYF,9,19998.61869632745,11939.88104464273,21086.281499332887,15170.503674593368
